9.921855246578766829e-01
9.816129979107737213e-01
9.993906609775639049e-01
1.037708381506195154e+00
1.085331341148349171e+00
1.180531420030075163e+00
1.220311572750568230e+00
1.254372182531616309e+00
1.284576657330278593e+00
1.365780159151540829e+00
1.390146569636748541e+00
1.420904611258648087e+00
1.450038780195523458e+00
1.464666671713507506e+00
1.515461900047571309e+00
1.008446221682304023e+00
1.007772225660548138e+00
1.008233952719455706e+00
1.008444084678646435e+00
1.008960471416319393e+00
1.009121025035667918e+00
1.009246602839557694e+00
1.009520401512280730e+00
1.130978154803251146e+00
1.141248605819156658e+00
1.137826448760723919e+00
1.141336150653731618e+00
1.137766043436307273e+00
1.139211200757414444e+00
1.137844800557149316e+00
1.136345804959240757e+00
1.132911888110575083e+00
1.130992742491084613e+00
1.129083545168060976e+00
1.123512954531402874e+00
1.297167987751618234e+00
1.311727604566035987e+00
1.323335082792088002e+00
1.320599686196576972e+00
1.322257793852379404e+00
1.320530230587611875e+00
1.322474549142373723e+00
1.320559907386301246e+00
1.318876435725085505e+00
1.314059345403856938e+00
1.311718887827893809e+00
1.309222816040074955e+00
1.301069254010349674e+00
1.334051194534089380e+00
1.313568619905740809e+00
1.492822657672627340e+00
1.493336901813694162e+00
1.453625849282431659e+00
1.476998323583256445e+00
1.458591117032179030e+00
1.477300918328636081e+00
1.469679724646726582e+00
1.476862686368157096e+00
1.483982920871439681e+00
1.491563558534431788e+00
1.493543793677615694e+00
1.492766113862997512e+00
1.493693351218288612e+00
