1.726080293961853099e-02 1.606039926336861809e-02 1.814713684759934609e-02 4.035663242158411823e-02 1.055359219937243020e-01 1.206344419363347686e-01
1.624010679971090929e-02 1.824389440793430447e-02 4.230549362141431541e-02 1.072320849164901252e-01 1.235969194490979112e-01 1.239510753822793132e-01
1.975178154879031478e-02 2.739485892302528924e-02 2.908232384403562631e-02 3.297022053551000587e-02 3.110382090047495579e-02 3.526831106657975223e-02
2.084485409458902705e-02 2.498667557611900653e-02 2.908093123334085095e-02 3.147806299714096812e-02 2.999461904535463685e-02 2.808722845737993482e-02
2.330266771196245687e-02 3.024600878158543310e-02 2.690754677256504759e-02 2.791485511275740988e-02 2.688954042408444808e-02 2.688417426549303407e-02
3.024198435117492895e-02 2.841070300571358134e-02 2.820435708036522771e-02 2.711732530899823787e-02 2.710914257773786376e-02 2.695259977334350798e-02
1.720963177984539960e-02 1.625925260051790805e-02 1.839550081252630531e-02 4.051430926843765240e-02 1.056361986988317569e-01 1.207346062428915068e-01
1.640060756763957878e-02 1.846952295803200653e-02 4.250008532270541095e-02 1.073772275124732778e-01 1.236853213852700251e-01 1.240715211941156582e-01
2.003611375616336926e-02 2.649184644461912222e-02 2.625364496666656583e-02 3.101979058939932643e-02 2.985682504141293214e-02 3.394099665103518515e-02
2.061272079733302010e-02 2.282752207208852552e-02 2.710288374799871280e-02 2.904470641296146016e-02 2.839805920878932244e-02 2.729514703967583777e-02
2.299435306696558101e-02 2.913036171237794181e-02 2.705926703643144957e-02 2.741696501268445912e-02 2.683684870159059460e-02 2.689559670100869632e-02
3.059482419964535196e-02 2.867230814184772852e-02 2.849135362448954045e-02 2.749992026330527750e-02 2.749111559783522923e-02 2.733942644702702998e-02
1.731621143816443331e-02 1.535210883290916151e-02 1.652303938587661863e-02 3.027172067032051980e-02 5.667176217728260579e-02 6.607176692436830812e-02
1.546645029755488662e-02 1.748925237879714323e-02 3.242969282212126991e-02 5.668234741181968350e-02 6.678867814505651257e-02 6.650275945100977970e-02
1.580841130372245829e-02 2.611243719601582386e-02 3.119680883998546955e-02 4.835051969811889755e-02 4.920735366381588649e-02 4.806825109308695415e-02
2.261996811980972882e-02 3.306247282108126795e-02 4.841745530002249803e-02 4.744967296941439427e-02 4.793119379459911261e-02 4.814700543568325997e-02
2.856027205426285576e-02 4.733598614617672007e-02 4.668893613505886026e-02 4.645843080222507998e-02 4.662387223135572301e-02 4.632751683055828795e-02
4.825488443788585047e-02 4.635136694826150205e-02 4.676819685874369220e-02 4.692897422749976732e-02 4.705663563318032705e-02 4.707859740739946119e-02
1.735170283605041650e-02 1.539140733028042732e-02 1.623882068491865407e-02 2.902244536876372183e-02 5.636737580133538428e-02 6.705337018435802987e-02
1.536447160045121413e-02 1.711801315780141566e-02 3.119491982436151112e-02 5.632315394741488346e-02 6.754575057484385470e-02 6.711879352546730459e-02
1.607420431666065075e-02 2.411035827964647452e-02 2.982465167161589201e-02 4.764418086037821437e-02 4.790397188300594966e-02 4.715405048505678931e-02
2.306434275778127679e-02 3.768926849363070375e-02 5.212963589695171485e-02 4.978622035593675832e-02 4.990469744352861448e-02 5.024711932422912253e-02
2.912853030044530375e-02 4.862567648101581708e-02 4.733889304991822922e-02 4.741072459866167710e-02 4.737795684496708126e-02 4.731938208290488446e-02
4.921503927440450121e-02 4.708002497032012096e-02 4.743747457858325800e-02 4.773445503441428595e-02 4.787264241152137945e-02 4.792373869715176038e-02
1.732825456929571600e-02 1.595795992314035655e-02 1.692142148076244620e-02 2.207581463045763664e-02 4.131355027466168672e-02 5.121084980031966050e-02
1.559372398937556095e-02 1.803585264842889543e-02 2.288497114473467611e-02 4.055569596627002504e-02 5.031012444586926979e-02 5.053470726353142400e-02
1.612538050619920227e-02 2.587696941562592223e-02 3.816279409659385086e-02 4.211957726689302683e-02 4.198571195726420735e-02 4.243477286538574478e-02
2.180081661292977008e-02 3.758365630505151184e-02 4.229475449718619884e-02 4.212178442611851092e-02 4.234578950317263030e-02 4.240059370870405409e-02
3.878277645240121863e-02 4.373326413705332094e-02 4.354794103030199676e-02 4.320561599591509622e-02 4.317449287174995182e-02 4.315384510990416533e-02
4.284896197448320732e-02 4.269803778934281452e-02 4.304839693674278323e-02 4.280088068454714761e-02 4.283378990748552134e-02 4.282652259030733655e-02
1.744643179881869011e-02 1.627760681406487109e-02 1.649205455561561506e-02 2.350181211353131322e-02 4.176589920606280093e-02 5.133002160480670817e-02
1.579491943105240659e-02 1.746604970421123532e-02 2.307272233078461535e-02 4.044652839982783299e-02 5.030068649747793108e-02 5.055441131568012836e-02
1.598430554951999621e-02 2.262876999831133634e-02 3.869595726605694341e-02 4.268961325173246946e-02 4.191228742552179087e-02 4.198470239745633048e-02
2.230482075059606051e-02 3.712705753479973031e-02 4.247249430359739675e-02 4.211593017916091114e-02 4.199411903136251317e-02 4.199717042569411224e-02
3.824073432693771840e-02 4.263279942119274635e-02 4.332426173698725180e-02 4.300322704253327355e-02 4.299353116221114185e-02 4.272512663937413913e-02
4.200127842293628622e-02 4.218125821357265881e-02 4.234602514164977766e-02 4.223554923923956983e-02 4.224116574479844233e-02 4.224505643462850291e-02
1.676157539038608882e-02 1.465329836132072544e-02 1.643336078374370984e-02 2.710188901257856026e-02 1.017874444897749059e-01 1.192790144223699333e-01
1.481349723440674067e-02 1.631381591627190791e-02 2.701906594467597816e-02 1.006213225333184025e-01 1.185250763174497679e-01 1.184652624935388643e-01
1.624273830594430423e-02 2.903476191823781485e-02 5.482315123297837323e-02 4.791799455300822796e-02 4.842696260241927120e-02 4.983426737742088081e-02
2.819144542008048676e-02 5.240749593586535582e-02 4.648957611277768076e-02 4.778642935377297452e-02 4.707280870846970722e-02 4.709734227692644049e-02
5.172904772077307339e-02 4.780397677845373700e-02 4.643955844251397569e-02 4.682110226488296612e-02 4.673765655398205709e-02 4.656168040727173829e-02
4.589293963677333610e-02 4.601506795997185872e-02 4.577763912018859016e-02 4.569335496766777083e-02 4.558662490170246190e-02 4.554188575416605322e-02
1.678873830071863846e-02 1.465396922575976958e-02 1.643753951658258328e-02 2.709703655998100744e-02 1.018219381113544542e-01 1.192169122841839346e-01
1.479921075682737522e-02 1.631722614930586693e-02 2.702551626750967356e-02 1.006326101908104342e-01 1.184648409464446606e-01 1.183961940795264373e-01
1.624749385905058241e-02 2.903276872538821524e-02 5.465474942811729409e-02 4.771522388516843960e-02 4.885075859256386710e-02 4.992045657541449577e-02
2.824863471362280137e-02 5.238145145942994102e-02 4.649543229949551493e-02 4.781906458132945126e-02 4.709555113697073969e-02 4.712733612535786876e-02
5.173403243985784383e-02 4.782536329277914389e-02 4.646976460416205046e-02 4.684899459487523732e-02 4.676850912907177388e-02 4.658669864070411060e-02
4.592868928536391476e-02 4.605720348626982097e-02 4.581467988244347644e-02 4.573148474221488957e-02 4.562456415650923552e-02 4.557970213261137993e-02
