-0.0680679808165012 -0.265303698728931 1
-0.0814953721877744 -0.269689732030935 2
-0.000157571533657049 -0.197443758337711 3
0.167798299846736 -0.191619766424806 4
0.578267494531738 0 5
0.504229098891368 0 6
0.398322304558584 0 7
0.127549210195062 -0.11815657412309 8
0.114418765494447 -0.170644312706481 9
0.192100288725324 -0.110208398274832 10
0.314450968952241 -0.0620138968763204 11
0.737553012985445 0 12
0.837794812979283 0 13
0.83810076908814 0 14
0.832536377672398 0 15
0.731312718749608 -0.0019849388341838 16
0.788628427380263 0 17
0.790804222268251 0 18
0.81514572766159 0 19
0.878247713323182 0 20
0.900139168293382 0 21
0.898221040400706 0 22
0.907399660907986 0 23
0.911785728977528 0 24
0.944034626863765 0 25
0.945466501871527 0 26
0.975690958370078 0 27
0.93031159165519 0 28
0.96401929626642 0 29
0.961765258387719 0 30
0.966087321744353 0 31
0.958968103898454 0 32
0.97607068483905 0 33
0.96944396028882 0 34
0.969468069890423 0 35
0.980303826235655 0 36
0.986281440715061 0 37
0.98388955102737 0 38
0.989315744574794 0 39
0.991330493281841 0 40
0.988351552577031 0 41
0.993457390988097 0 42
0.991621652246514 0 43
0.991123574838375 0 44
0.993144769729244 0 45
0.991636385893827 0 46
0.991694374646923 0 47
0.995851054823053 0 48
0.995852808518652 0 49
0.995490212577853 0 50
0.996037841893797 0 51
0.995413135878719 0 52
0.996159806458519 0 53
0.998265229754427 0 54
0.997182579312807 0 55
0.996193306778077 0 56
0.996193060304501 0 57
0.99760366036209 0 58
0.998484131036218 0 59
0.99809248414825 0 60
0.997291531941379 0 61
0.998247512657923 0 62
0.998500877213141 0 63
0.999837972350177 0 64
0.998480931297075 0 65
0.998475456582091 0 66
0.998831397513557 0 67
1.00028987321334 0 68
0.998808765158967 0 69
0.999807537060522 0 70
0.999340759369695 0 71
0.998671917573858 0 72
0.998953505973715 0 73
0.999075339459746 0 74
0.998890564503927 0 75
0.998912062018082 0 76
0.998853830438038 0 77
0.998893864225194 0 78
0.999346809485719 0 79
0.999284496575168 0 80
1.00003370675157 0 81
0.999373828315724 0 82
0.998617480609353 0 83
1.00053557604059 0 84
0.999273254504164 0 85
0.998586043721834 0 86
0.998819185515257 0 87
0.998707193972547 0 88
1.00025101579243 0 89
0.998893658079722 0 90
0.999165359783211 0 91
0.998978938148744 0 92
0.999046079332493 0 93
0.999258140307666 0 94
0.999567777640154 0 95
0.999388165996238 0 96
