0.897404769464818 0 1
0.900593985039915 0 2
0.857345729929799 0 3
0.839101646463992 0 4
0.816287882787993 0 5
0.804310434006921 0 6
0.808195818392312 0 7
0.701785347419372 0 8
0.682357304761778 0 9
0.670871600271874 0 10
0.711270686428384 0 11
0.438718043649494 -0.0689329850506597 12
0.585610618924491 0 13
0.661803289748966 0 14
0.888055059137549 0 15
0.916754320260708 0 16
0.923296010332338 0 17
0.949494166022949 0 18
0.94671287517401 0 19
0.935946972872513 0 20
0.982193258157012 0 21
0.975878513805361 0 22
0.977316041642948 0 23
0.972125569897193 0 24
0.971535449505508 0 25
0.990377264174084 0 26
0.996323849007691 0 27
0.997324133396702 0 28
0.997419104199424 0 29
0.97609857952305 0 30
0.993326184552266 0 31
0.998486822429842 0 32
0.995877845049286 0 33
0.999929697051938 0 34
1.00729262458115 0 35
0.99311179477419 0 36
0.994683330603195 0 37
1.00216591263658 0 38
1.00319815827195 0 39
0.992730238172747 0 40
0.987381199200599 0 41
0.985497934178521 0 42
1.02230709182461 0 43
0.992462915639246 0 44
1.02174439598452 0 45
1.00039507625295 0 46
1.00839766272362 0 47
1.00357265542479 0 48
1.00540311446127 0 49
0.998839899295739 0 50
1.00784024364059 0 51
0.999862314307969 0 52
1.00146250890857 0 53
1.00283606354469 0 54
0.999671767988549 0 55
1.00282812229959 0 56
1.00164776132205 0 57
0.99630975540985 0 58
1.00066097972473 0 59
1.0021271666186 0 60
1.00221396820957 0 61
0.997724930907108 0 62
1.00175117538489 0 63
1.00062041825044 0 64
1.00716419317355 0 65
1.00391775759356 0 66
1.00475088967879 0 67
1.00579789996301 0 68
1.00068476958708 0 69
0.992697679461662 0 70
0.999997859214195 0 71
1.00679450037508 0 72
0.99819168448852 0 73
1.00232714079338 0 74
1.00592719925668 0 75
1.00544818549594 0 76
1.00990367637878 0 77
1.00845365926496 0 78
0.995659738612287 0 79
1.00757646221666 0 80
1.00999800010195 0 81
1.0090071416604 0 82
1.00599599884179 0 83
0.988740053141802 0 84
0.982415674870644 0 85
1.00468959766398 0 86
0.994662874291292 0 87
1.01443206189233 0 88
1.00260391039864 0 89
1.02138039393109 0 90
0.990107758708033 0 91
0.996274041506093 0 92
0.985690738217108 0 93
0.998324613993265 0 94
0.986516236455574 0 95
0.997193508940924 0 96
0.997632352756327 0 97
0.98891162311681 0 98
1.01146052870495 0 99
0.993082694447024 0 100
0.931522016897307 0 101
0.992917697815214 0 102
1.0056698205129 0 103
1.01180605398948 0 104
1.00189751885607 0 105
0.99771242747729 0 106
0.997174925117806 0 107
0.991033334907432 0 108
1.00323480478108 0 109
0.997327257839259 0 110
1.01204853987929 0 111
0.984489621483969 0 112
0.965666972970206 0 113
0.986553005409681 0 114
0.987926386567097 0 115
0.980108646395927 0 116
0.985870032179543 0 117
0.989509176942931 0 118
0.990752871035953 0 119
0.988124009000568 0 120
0.986604324607935 0 121
0.977462706733351 0 122
0.990133312028214 0 123
0.989746002575262 0 124
0.982909093601923 0 125
0.990626361961788 0 126
0.984057168603903 0 127
0.986752011263054 0 128
0.979733108334011 0 129
0.984392933235469 0 130
0.988197506439977 0 131
0.985652852450729 0 132
1.00625949643989 0 133
0.984857462245624 0 134
1.00891349531272 0 135
1.01393572294207 0 136
0.980951599279767 0 137
1.00197410345264 0 138
0.998774810315187 0 139
0.999899539892451 0 140
0.993558885984451 0 141
1.00827076791925 0 142
0.993751487597674 0 143
0.987334589040766 0 144
0.999034786574568 0 145
0.994366089617436 0 146
0.997279535890764 0 147
1.00199412532704 0 148
0.99805917110465 0 149
0.998951261185566 0 150
0.997426743947368 0 151
1.00586123738251 0 152
1.00198117467478 0 153
0.99660509544575 0 154
1.00428452488201 0 155
0.999480633394379 0 156
1.0007183273712 0 157
1.00167122571011 0 158
0.996964103558993 0 159
1.00311547320931 0 160
1.002311363564 0 161
0.999773574421787 0 162
1.0082877547187 0 163
1.00532511317764 0 164
1.00318723593703 0 165
0.999597003943741 0 166
0.991101486701856 0 167
0.983202478327466 0 168
0.990114313458995 0 169
0.968156768622995 0 170
0.978896216940959 0 171
0.965414163348729 0 172
0.976750130893017 0 173
0.971176860277818 0 174
0.971016218854867 0 175
0.968278347179359 0 176
0.974771304819919 0 177
0.974151139117005 0 178
0.971372488737152 0 179
0.991684810272067 0 180
0.98794960111423 0 181
0.993787140079423 0 182
0.985959276995685 0 183
0.995452158644349 0 184
0.992496702680843 0 185
1.00003162336744 0 186
0.985242623984949 0 187
0.986526486183616 0 188
0.99305860426696 0 189
0.990942888759297 0 190
0.992481620750857 0 191
0.99621780907944 0 192
