4.882162315617447845e+00
6.093223884300299709e+00
8.270194156315673339e+00
1.099115034746303010e+01
1.374876132972292631e+01
1.800081745446208714e+01
1.943335543222262629e+01
2.054540980406124717e+01
2.137379651422171989e+01
2.358349773235412883e+01
2.405341294581047151e+01
2.445559388123140465e+01
2.461972956183886296e+01
2.486734804557754686e+01
2.482587812794049853e+01
3.600743238091086873e+00
3.587618428732248788e+00
3.596584338149329874e+00
3.600681321701791671e+00
3.613315524074273810e+00
3.617435137379680921e+00
3.621453700030569767e+00
3.629051731704031170e+00
1.601075168616568334e+01
1.614937054909894698e+01
1.626886261372170850e+01
1.626169668838855031e+01
1.626688615765231916e+01
1.628375986586253177e+01
1.626684143195986110e+01
1.623491013694130913e+01
1.610422643521564012e+01
1.600922936826550114e+01
1.589967401446015138e+01
1.563903532004471586e+01
2.162280187421808719e+01
2.204948640538715665e+01
2.182629267425373243e+01
2.223329049066017404e+01
2.212268654171771942e+01
2.223308079369935442e+01
2.223188481934346328e+01
2.223377983741174901e+01
2.221528386516946796e+01
2.211724443331097945e+01
2.205062788594827339e+01
2.197625764726196351e+01
2.173702777429877386e+01
2.251710253818342977e+01
2.211785363779512892e+01
2.494520082624467250e+01
2.491980153482033700e+01
2.281436141774946691e+01
2.415391611896396995e+01
2.331955727592324124e+01
2.421434959854199676e+01
2.398941036397085469e+01
2.419833533187284047e+01
2.440912298112858281e+01
2.477169939517743202e+01
2.491788906740647036e+01
2.500998851046373161e+01
2.529630701878494392e+01
